bing.mp3
true
Bing Crosby - Look like Christmas
Classic
0	1,2,3,4,5,6,7,8		Instrumental
4273	1,3,5,7	2,4,6
5464	2,4,6	1,3,5,7
6752	1,3,5,7	2,4,6
8104	2,4,6	1,3,5,7
9328	1,3,5,7	2,4,6
9984	2,4,6	1,3,5,7	  "It's beginning to...." - 3 Light travel
10712	1,2,3	4,5,6,7,8	 [making sure all lights are off]
11976	2,3,4	1
13232	3,4,5	2
14552	4,5,6	3
15704	5,6,7	4
16952	6,7,1	5
18240	7,1,2	6
19488	1,2,3	7
20696	2,3,4	1
22024	3,4,5	2
23240	4,5,6	3
24416	5,6,7	4
25664	6,7,1	5
26352	7,1,2	6
26976	1,2,3	7
27591	2,3,4	1
28200	3,4,5	2
29441	4,5,6	3
30784	1,2,3	4,5,6	 "It's beginning to...."
31288	4,5,6,7	1,2,3
32576	1,2,3	4,5,6,7
33816	4,5,6,7	1,2,3
35088	1,2,3	4,5,6,7
36424	4,5,6,7	1,2,3
37711	1,2,3	4,5,6,7
38896	4,5,6,7	1,2,3
40208	1,2,3	4,5,6,7
41463	4,5,6,7	1,2,3
42776	1,2,3	4,5,6,7
44104	4,5,6,7	1,2,3
45336	1,2,3	4,5,6,7
46671	4,5,6,7	1,2,3
48008	1,2,3	4,5,6,7
49319	4,5,6,7	1,2,3
49943	1,2,3	4,5,6,7
50488	4,5,6,7	1,2,3
51152	1,2,3	4,5,6,7
52448	4,5,6,7	1,2,3
53934	1,2,3,4,5,6,7	8	 [Quick 3]  53679	XXX	XXX
54541	8	1,2,3,4,5,6,7	 54320	XXX	XXX
55205	1,2,3,4,5,6,7	8	 54967	XXX	XXX
56168	3,7	1,2,4,5,6,8	 [RED]
57425	2,6	3,7	 [BLUE]
58869	8	1,2,3,4,5,6,7	 [Quick 3]  58656	XXX	XXX	
59493	1,2,3,4,5,6,7	8	 59280	XXX	XXX	
60126	8	1,2,3,4,5,6,7	 59951	XXX	XXX	 
61176	1	8
62344	3		
63512	5		
64096	7		
64680	1,2,3,4,5,6,7,8	
65336	1	2,3,4,5,6,7,8	BIG
65887	2	  
67128	3	  
68400	4	  
69711	5	  
70920	6	  
72103	7	  
73440		7  
74752		6  
75936		5  
77184		4  
78464		3  
79799		2  
81032		1  
82328	7	  
83600	6	  
84784	5	  
86247	4	  
87608	3	  
88815	2	  
90144	1	  
91368		4  
92688		3,5
93999		2,6
95416	3,5	1,7
96968	2,6	3,5
98024	4,1,7	2,6
99296	1,2,3,4,5,6,7	
100583		6
101912		5
103161		4
104416		3
105680		2
106336		1	BIG
107704	1,6	2,5,3,4
108864	1,6,2	5,3,4
110160	1,6,2,5,3,4	
111407	2,5,3,4	1,6
112672	3,4	1,6,2,5
113872		1,6,2,5,3,4
115097	3,4	1,6,2,5
116423	2,5	1,6,3,4
117168	1,6	2,5,3,4
117832		1,2,3,4,5,6
118559	1	2,3,4,5,6
119776	2	1,3,4,5,6
120352	1,3	2,4,5,6
120952	2,4	1,3,5,6
122177	1,3,5	2,4,6
122816	2,4,6	1,3,5
123400	1,3,5	2,4,6
124016	2,4,6	1,3,5
124672	1,3,5	2,4,6
125928	2,4,6	1,3,5
127144	3,5	1,2,4,6	BIG
127968	4,6	1,2,3,5
128552	5	1,2,3,4,6
129848	6	1,2,3,4,5
131168	1	2,3,4,5,6
132440	2	1,3,4,5,6
133768	3	1,2,4,5,6
135024	4	1,2,3,5,6
136312	5	1,2,3,4,6
137680	6	1,2,3,4,5
139376	1	2,3,4,5,6
141768	2	1,3,4,5,6
143216	3	1,2,4,5,6
145712	4	1,2,3,5,6
146656	5	1,2,3,4,6
148088	6	1,2,3,4,5
149442	1	2,3,4,5,6
153495	2	1,3,4,5,6
156176	3	1,2,4,5,6
158080	4	1,2,3,5,6
159904	5	1,2,3,4,6
160968	6	1,2,3,4,5
162104	1	2,3,4,5,6
162632	2	1,3,4,5,6
163232	3	1,2,4,5,6
163792	4	1,2,3,5,6	[END]