Wizards.mp3
true
Trans Siberian Orchestra - Wizards of Winter
Classic
0	1,2,3,4,5,6,7,8		 [VERSE 01]
510	1	2,3,4,5,6,7,8	 [VERSE 01]
950	2		 [VERSE 01]
1148	3		 [VERSE 01]
1309	4	1	 [VERSE 01]
1788	5	2	 [VERSE 01]
1998	6	3	 [VERSE 01]
2193	7	4	 [VERSE 01]
2616	1	5	 [VERSE 01]
2807	2	6	 [VERSE 01]
3007	3	7	 [VERSE 01]
3397	4	1	 [VERSE 01]
3614	5	2	 [VERSE 01]
3799	6	3	 [VERSE 01]
4256	7	4	 [VERSE 01]
4567	1	5	 [VERSE 01]
4697	1,5	2,3,4,6,7,8	 [VERSE 01]
5158	2,6	1,5	 [VERSE 02]
5307	3,7	2,6	 [VERSE 02]
5485	4	3,7	 [VERSE 02]
5678	1,5	2,3,4,6,7,8	 [VERSE 02]
5888	2,6	1,5	 [VERSE 02]
6068	3,7	2,6	 [VERSE 02]
6239	4	3,7	 [VERSE 02]
6425	1,5	2,3,4,6,7,8	 [VERSE 02]
6589	2,6	1,5	 [VERSE 02]
6927	1	2,3,4,5,6,7,8	 [VERSE 01]
7096	2		 [VERSE 01]
7447	3		 [VERSE 01]
7658	4	1	 [VERSE 01]
7864	5	2	 [VERSE 01]
8272	6	3	 [VERSE 01]
8467	7	4	 [VERSE 01]
8678	1	5	 [VERSE 01]
9079	2	6	 [VERSE 01]
9271	3	7	 [VERSE 01]
9447	4	1	 [VERSE 01]
9848	5	2	 [VERSE 01]
10038	6	3	 [VERSE 01]
10224	7	4	 [VERSE 01]
10655	1	5	 [VERSE 01]
10854	2	6	 [VERSE 01]
11055	3	7	 [VERSE 01]
11487	4		 [VERSE 01]
11656	5	2	 [VERSE 01]
11927	7	1,2,3,4,5,6,8	 [VERSE 02]
12109	6		 [VERSE 02]
12274	5	7	 [VERSE 02]
12488	4	6	 [VERSE 02]
12687	3,7	5	 [VERSE 02]
12936	2,6	4	 [VERSE 02]
13089	1,5	3,7	 [VERSE 02]
13407	1,2	3,4,5	 [BRIDGE]
13517	3,4	1,2	
13627	5,6	3,4	
13743	7	5,6	 [BRIDGE]
13853	5,6	7	
13963	3,4	5,6	
14135	1,2	3,4	 [BRIDGE]
14245	3,4	1,2	
14355	5,6	3,4	
14528	7	5,6	 [BRIDGE]
14638	5,6	7	
14748	3,4	5,6	
14957	1,2	3,4	 [BRIDGE]
15067	3,4	1,2	
15177	5,6	3,4	
15348	7	5,6	 [BRIDGE]
15458	5,6	7	
15568	3,4	5,6	
15744	1,2	3,4	 [BRIDGE]
15854	3,4	1,2	
15964	5,6	3,4	
16155	7	5,6	 [BRIDGE]
16265	5,6	7	
16375	3,4	5,6	
16535	1,2	3,4	 [BRIDGE]
16645	3,4	1,2	
16755	5,6	3,4	
16965	7	5,6	 [BRIDGE]
17075	5,6	7	
17185	3,4	5,6	
17338	1,2	3,4	 [BRIDGE]
17448	3,4	1,2	
17558	5,6	3,4	
17752	7	5,6	 [BRIDGE]
17862	5,6	7	
17972	3,4	5,6	
18132	1,2	3,4	 [BRIDGE]
18388	7,6	1,2,3,4,5,6,8	 [VERSE 02]
18559	5	7	 [VERSE 02]
18816	4	6	 [VERSE 02]
18992	3	5	 [VERSE 02]
19167	2	4	 [VERSE 02]
19349	1	3	 [VERSE 02]
19558		2	 [VERSE 02]
19928	1,2	3,4,5,6,8	 [BRIDGE]
20038	3,4	1,2	
20148	5,6	3,4	
20258	7	5,6	 [BRIDGE]
20368	5,6	7	
20478	3,4	5,6	
20607	1,2	3,4	 [BRIDGE]
20717	3,4	1,2	
20827	5,6	3,4	
20978	7	5,6	 [BRIDGE]
21088	5,6	7	
21198	3,4	5,6	
21389	1,2	3,4	 [BRIDGE]
21499	3,4	1,2	
21609	5,6	3,4	
21783	7	5,6	 [BRIDGE]
21893	5,6	7	
22003	3,4	5,6	
22174	1,2	3,4	 [BRIDGE]
22284	3,4	1,2	
22394	5,6	3,4	
22600	7	5,6	 [BRIDGE]
22710	5,6	7	
22820	3,4	5,6	
22997	1,2	3,4	 [BRIDGE]
23107	3,4	1,2	
23217	5,6	3,4	
23385	7	5,6	 [BRIDGE]
23495	5,6	7	
23605	3,4	5,6	
23793	1,2	3,4	 [BRIDGE]
23903	3,4	1,2	
24013	5,6	3,4	
24197	7	5,6	 [BRIDGE]
24608	4	1,2,3,5,6,7,8	 [VERSE 02]
24668	8		Mini Riff
24758		8	Mini Riff
25229	3,5		 [VERSE 02]
25399	6,2	4	 [VERSE 02]
25552	7,1	3,5	 [VERSE 02]
25734	4	6,2	 [VERSE 02]
25904	3,5	7,1	 [VERSE 02]
26118	6,2	4	 [VERSE 02]
26267	8		Mini Riff
26288	7,1	3,5	 [VERSE 02]
26378		8	Mini Riff
26827	4	6,2	 [VERSE 02]
27044	3,5	7,1	 [VERSE 02]
27216	6,2	4	 [VERSE 02]
27416	7,1	3,5	 [VERSE 02]
27599	4	6,2	 [VERSE 02]
27865	3,5,8	7,1	 [VERSE 02] Mini Riff
27955		8	Mini Riff
28432	6,2	4	 [VERSE 02]
28486	8		Mini Riff
28576		8	Mini Riff
28672	7,1,8	3,5	 [VERSE 02] Mini Riff
28762		8	Mini Riff
29268	4,8	6,2	 [VERSE 02] Mini Riff
29358		8	Mini Riff
29477	3,5,8	7,1	 [VERSE 02] Mini Riff
29567		8	Mini Riff
29913	6,2,8	4	 [VERSE 02] Mini Riff
30003		8	Mini Riff
30327	7,1,8		 [VERSE 02] Mini Riff
30417		8	Mini Riff
30747	4,8	6,2,	 [VERSE 02] Mini Riff
30837		8	Mini Riff
31118	1,2	3,4,5,6,7,8	 [BRIDGE]
31228	3,4	1,2	
31338	5,6	3,4	
31535	7	5,6	 [BRIDGE]
31645	5,6	7	
31755	3,4	5,6	
31934	1,2	3,4	 [BRIDGE]
32044	3,4	1,2	
32154	5,6	3,4	
32345	7	5,6	 [BRIDGE]
32455	5,6	7	
32565	3,4	5,6	
32758	1,2	3,4	 [BRIDGE]
32868	3,4	1,2	
32978	5,6	3,4	
33133	7	5,6	 [BRIDGE]
33243	5,6	7	
33353	3,4	5,6	
33557	1,2	3,4	 [BRIDGE]
33667	3,4	1,2	
33777	5,6	3,4	
33944	7	5,6	 [BRIDGE]
34054	5,6	7	
34164	3,4	5,6	
34336	1,2	3,4	 [BRIDGE]
34446	3,4	1,2	
34556	5,6	3,4	
34705	7	5,6	 [BRIDGE]
34815	5,6	7	
34925	3,4	5,6	
35148	1,2	3,4	 [BRIDGE]
35258	3,4	1,2	
35368	5,6	3,4	
35535	7	5,6	 [BRIDGE]
35645	5,6	7	
35755	3,4	5,6	
35894	1,2	3,4	 [BRIDGE]
36167	7,6	1,2,3,4,5,6,8	 [VERSE 02]
36358	5	7	 [VERSE 02]
36585	4	6	 [VERSE 02]
36797	3	5	 [VERSE 02]
36989	2	4	 [VERSE 02]
37185	1	3	 [VERSE 02]
37373		2	 [VERSE 02]
37654	1,2	3,4	 [BRIDGE]
37764	3,4	1,2	
37874	5,6	3,4	
38016	7	5,6	 [BRIDGE]
38126	5,6	7	
38236	3,4	5,6	
38367	1,2	3,4	 [BRIDGE]
38477	3,4	1,2	
38587	5,6	3,4	
38747	7	5,6	 [BRIDGE]
38857	5,6	7	
38967	3,4	5,6	
39157	1,2	3,4	 [BRIDGE]
39267	3,4	1,2	
39377	5,6	3,4	
39538	7	5,6	 [BRIDGE]
39648	5,6	7	
39758	3,4	5,6	
39937	1,2	3,4	 [BRIDGE]
40047	3,4	1,2	
40157	5,6	3,4	
40376	7	5,6	 [BRIDGE]
40486	5,6	7	
40596	3,4	5,6	
40798	1,2	3,4	 [BRIDGE]
40908	3,4	1,2	
41018	5,6	3,4	
41158	7	5,6	 [BRIDGE]
41268	5,6	7	
41378	3,4	5,6	
41573	1,2	3,4	 [BRIDGE]
41683	3,4	1,2	
41793	5,6	3,4	
41974	7	5,6	 [BRIDGE]
42084	5,6	7	
42194	3,4	5,6	
42298	1,2	3,4	 [BRIDGE]
42498	8		Mini Riff
42588		8	Mini Riff
43002	7	1,2,3,4,5,6,8	 [VERSE 02]
43133	1,5	2,3,4,6,7,8	 [VERSE 01]
43322	2,6	1,5	 [VERSE 01]
43492	3,7	2,6	 [VERSE 01]
43684	4	3,7	 [VERSE 01]
43842	1,5	2,3,4,6,7,8	 [VERSE 01]
44004	2,6,8	1,5	 [VERSE 01]
44094		8	Mini Riff
44750	3,7	2,6	 [VERSE 01]
44917	4	3,7	 [VERSE 01]
45071	1,5	2,3,4,6,7,8	 [VERSE 01]
45242	2,6	1,5	 [VERSE 01]
45559	3,7	2,6	 [VERSE 01]
45637	4,8	3,7	 [VERSE 01] Mini Riff
45727		8	Mini Riff
46290	1,5,8	2,3,4,6,7,8	 [VERSE 01] Mini Riff
46380		8	Mini Riff
46477	2,6,8	1,5	Mini Riff
46567		8	Mini Riff
46653	3,7	2,6	 [VERSE 01]
47114	4,8	3,7	 [VERSE 01] Mini Riff
47204		8	Mini Riff
47325	1,5,8	2,3,4,6,7	 [VERSE 01] Mini Riff
47415		8	Mini Riff
47783	1	2,3,4,5,6,7,8	Light Step
48193	2	1	Light Step
48580	3	2	Light Step
48963	4	3	Light Step
49358	5	4	Light Step
49798	6	5	Light Step
50181	7	1,2,3,4,5,6	Light Step
50564	8	7	 Guitar Riff
50654		8	
50750	8		 Guitar Riff
50840		8	
50941	8		 Guitar Riff
51031		8	
51132	8		 Guitar Riff
51222		8	
51359	8		 Guitar Riff
51449		8	
51541	8		 Guitar Riff
51631		8	
51799	8		 Guitar Riff
51889		8	
51967	8		 Guitar Riff
52057		8	
52191	8		 Guitar Riff
52281		8	
52372	8		 Guitar Riff
52462		8	
52563	8		 Guitar Riff
52653		8	
52820	8		 Guitar Riff
52910		8	
53001	8		 Guitar Riff
53091		8	
53190	8		 Guitar Riff
53280		8	
53390	8		 Guitar Riff
53480		8	
53599	8		 Guitar Riff
53689		8	
53830	8		 Guitar Riff
53920		8	
54011	8		 Guitar Riff
54101		8	
54194	8		 Guitar Riff
54284		8	
54399	8		 Guitar Riff
54489		8	
54599	8		 Guitar Riff
54689		8	
54793	8		 Guitar Riff
54883		8	
55067	8		 Guitar Riff
55157		8	
55242	8		 Guitar Riff
55332		8	
55443	8		 Guitar Riff
55533		8	
55631	8		 Guitar Riff
55721		8	
55830	8		 Guitar Riff
55920		8	
56039	8		 Guitar Riff
56129		8	
56229	8		 Guitar Riff
56319		8	
56481	8		 Guitar Riff
56571		8	
56679	8		 Guitar Riff
56769		8	
56861	8		 Guitar Riff
56951		8	
57061	8		 Guitar Riff
57151		8	
57246	8		 Guitar Riff
57336		8	
57389	1,3,5,7	2,4,6,	 [VERSE 01]
57451	8		 Guitar Riff
57541		8	
57607	2,4,6,	1,3,5,7	 [VERSE 01]
57653	8		 Guitar Riff
57743		8	
57839	8		 Guitar Riff
57846	1,3,5,7	2,4,6,	 [VERSE 01]
57936		8	
58039	8		 Guitar Riff
58129		8	
58218	2,4,6,	1,3,5,7	s
58243	8		 Guitar Riff
58333		8	
58478	8		 Guitar Riff
58568		8	
58686	8		 Guitar Riff
58776		8	
58894	8		 Guitar Riff
58984		8	
58997	1,5	2,3,4,6,7,	 [VERSE 01]
59079	8		 Guitar Riff
59169		8	
59230	2,6	1,5	 [VERSE 01]
59269	8		 Guitar Riff
59359		8	
59437	3,7	2,6	 [VERSE 01]
59454	8		 Guitar Riff
59544		8	
59681	8		 Guitar Riff
59771		8	
59834	4	3,7	s
59882	8		 Guitar Riff
59972		8	
60116	8		 Guitar Riff
60206		8	
60301	8		 Guitar Riff
60391		8	
60527	8		 Guitar Riff
60617		8	
60629	1	4	 [VERSE 01]
60708	8		 Guitar Riff
60798		8	
60828	2	1	 [VERSE 01]
60893	8		 Guitar Riff
60983		8	
61080	3	2	 [VERSE 01]
61091	8		 Guitar Riff
61181		8	
61319	8		 Guitar Riff
61409		8	
61458	4	3	 [VERSE 01]
61519	8		 Guitar Riff
61609		8	
61719	8		 Guitar Riff
61809		8	
61877	5	4	 [VERSE 01]
61907	8		 Guitar Riff
61997		8	
62113	8		 Guitar Riff
62203		8	
62302	6	5	 [VERSE 01]
62317	8		 Guitar Riff
62407		8	
62501	8		 Guitar Riff
62591		8	
62688	7	6	 [VERSE 01]
62709	8		 Guitar Riff
62799		8	
62901	8		 Guitar Riff
62991		8	
63076	8		 Guitar Riff
63107		7	s
63197		8	
63302	8		 Guitar Riff
63392		8	
63522	8		 Guitar Riff
63612		8	
63691	8		 Guitar Riff
63781		8	
63869	1,3,5,7	2,4,6,	 [VERSE 01]
63963	8		 Guitar Riff
64053		8	
64062	2,4,6,	1,3,5,7	 [VERSE 01]
64150	8		 Guitar Riff
64240		8	
64318	1,3,5,7	2,4,6,	 [VERSE 01]
64331	8		 Guitar Riff
64421		8	
64519	8		 Guitar Riff
64609		8	
64657	2,4,6,	1,3,5,7	s
64709	8		 Guitar Riff
64799		8	
64982	8		 Guitar Riff
65072		8	
65166	8		 Guitar Riff
65256		8	
65399	8		 Guitar Riff
65469	1,5	2,3,4,6,7,	 [VERSE 01]
65559		8	
65572	8		 Guitar Riff
65662		8	
65691	2,6	1,5	 [VERSE 01]
65758	8		 Guitar Riff
65848		8	
65933	8		 Guitar Riff
65949	3,7	2,6	 [VERSE 01]
66039		8	
66121	8		 Guitar Riff
66211		8	
66334	4	3,7	s
66359	8		 Guitar Riff
66449		8	
66572	8		 Guitar Riff
66662		8	
66773	8		 Guitar Riff
66863		8	
66972	8		 Guitar Riff
67062		8	
67090	1	4	 [VERSE 01]
67166	8		 Guitar Riff
67256		8	
67297	2	1	 [VERSE 01]
67362	8		 Guitar Riff
67452		8	
67555	8		 Guitar Riff
67598	3	2	 [VERSE 01]
67688		8	
67741	8		 Guitar Riff
67831		8	
67926	4	3	 [VERSE 01]
67949	8		 Guitar Riff
68039		8	
68170	8		 Guitar Riff
68260		8	
68359	5	4	 [VERSE 01]
68389	8		 Guitar Riff
68479		8	
68599	8		 Guitar Riff
68689		8	
68729	6	5	 [VERSE 01]
68790	8		 Guitar Riff
68880		8	
69004	8		 Guitar Riff
69094		8	
69148	7	6	 [VERSE 01]
69199	8		 Guitar Riff
69289		8	
69393	8		 Guitar Riff
69483		8	
69580		7	 [VERSE 01]
69599	8		 Guitar Riff
69689		8	
69814	8		 Guitar Riff
69904		8	
69979	1,2,3,4,5,6,7,8		 [VERSE 01] Mini Riff
70069		8	Mini Riff
70171	1,7	2,3,4,5,6,8	 [VERSE 01]
70660	2,6		 [VERSE 01]
70835	3,5	1,7	 [VERSE 01]
70987	4	2,6	 [VERSE 01]
71171	1,7	2,3,4,5,6,8	 [VERSE 01]
71379	2,6		 [VERSE 01]
71499	3,5	1,7	 [VERSE 01]
71571	8		Mini Riff
71661		8	Mini Riff
71754	4	2,6	 [VERSE 01]
72243	1,7	2,3,4,5,6,8	 [VERSE 01]
72419	2,6		 [VERSE 01]
72573	3,5	1,7	 [VERSE 01]
72762	4	2,6	 [VERSE 01]
72982	1,7	2,3,4,5,6,8	 [VERSE 01]
73150	2,6,8		 [VERSE 01] Mini Riff
73240		8	Mini Riff
73782	3,5,8	1,7	 [VERSE 01] Mini Riff
73872		8	Mini Riff
73981	4,8	2,6	 [VERSE 01] Mini Riff
74071		8	Mini Riff
74558	1,7,8	2,3,4,5,6	 [VERSE 01] Mini Riff
74648		8	Mini Riff
74780	2,6,8		 [VERSE 01] Mini Riff
74870		8	Mini Riff
75231	3,5,8	1,7	 [VERSE 01] Mini Riff
75321		8	Mini Riff
75614	4,8	2,6	 [VERSE 01] Mini Riff
75704		8	Mini Riff
76039	1,7,8	2,3,4,5,6	Mini Riff
76129		8	Mini Riff
76471	1,2	7	 [BRIDGE]
76581	3,4	1,2	
76691	5,6	3,4	
76893	7	5,6	 [BRIDGE]
77003	5,6	7	
77113	3,4	5,6	
77283	1,2	3,4	 [BRIDGE]
77393	3,4	1,2	
77503	5,6	3,4	
77673	7	5,6	 [BRIDGE]
77783	5,6	7	
77893	3,4	5,6	
78082	1,2	3,4	 [BRIDGE]
78192	3,4	1,2	
78302	5,6	3,4	
78493	7	5,6	 [BRIDGE]
78603	5,6	7	
78713	3,4	5,6	
78870	1,2	3,4	 [BRIDGE]
78980	3,4	1,2	
79090	5,6	3,4	
79262	7	5,6	 [BRIDGE]
79372	5,6	7	
79482	3,4	5,6	
79682	1,2	3,4	 [BRIDGE]
79792	3,4	1,2	
79902	5,6	3,4	
80083	7	5,6	 [BRIDGE]
80193	5,6	7	
80303	3,4	5,6	
80507	1,2	3,4	 [BRIDGE]
80617	3,4	1,2	
80727	5,6	3,4	
80911	7	5,6	 [BRIDGE]
81021	5,6	7	
81131	3,4	5,6	
81282	1,2	3,4	 [BRIDGE]
81589	7	1,2,3,4,5,6,8	 [VERSE 02]
81773	6		 [VERSE 02]
81950	5		 [VERSE 02]
82164	4	7	 [VERSE 02]
82350	3	6	 [VERSE 02]
82513	2	5	 [VERSE 02]
82628	1	4	 [VERSE 02]
82966	1,2	3	 [BRIDGE]
83076	3,4	1,2	
83186	5,6	3,4	
83349	7	5,6	 [BRIDGE]
83459	5,6	7	
83569	3,4	5,6	
83739	1,2	3,4	 [BRIDGE]
83849	3,4	1,2	
83959	5,6	3,4	
84151	7	5,6	 [BRIDGE]
84261	5,6	7	
84371	3,4	5,6	
84553	1,2	3,4	 [BRIDGE]
84663	3,4	1,2	
84773	5,6	3,4	
84921	7	5,6	 [BRIDGE]
85031	5,6	7	
85141	3,4	5,6	
85310	1,2	3,4	 [BRIDGE]
85420	3,4	1,2	
85530	5,6	3,4	
85722	7	5,6	 [BRIDGE]
85832	5,6	7	
85942	3,4	5,6	
86133	1,2	3,4	 [BRIDGE]
86243	3,4	1,2	
86353	5,6	3,4	
86548	7	5,6	 [BRIDGE]
86658	5,6	7	
86768	3,4	5,6	
86950	1,2	3,4	 [BRIDGE]
87060	3,4	1,2	
87170	5,6	3,4	
87383	7	5,6	 [BRIDGE]
87493	5,6	7	
87603	3,4	5,6	
87722	8		Mini Riff
87812		8	Mini Riff
87878	1,2	3,4	 [BRIDGE]
88662	1	2,3,4,5,6,7,8	 [VERSE 02]
88852	2		 [VERSE 02]
89031	3		 [VERSE 02]
89173	4	1	 [VERSE 02]
89351	5,8	2	 [VERSE 02] Mini Riff
89441		8	Mini Riff
89958	6	3	 [VERSE 02]
90180	7,1	4	 [VERSE 02]
90363	2	5	 [VERSE 02]
90583	3	6	 [VERSE 02]
90822	4	7,1	 [VERSE 02]
90942	5,8	2	 [VERSE 02] Mini Riff
91032		8	Mini Riff
91562	6	3	 [VERSE 02]
91830	7,1	4	 [VERSE 02]
91992	2	5	 [VERSE 02]
92199	3	6	 [VERSE 02]
92398	4	7,1	 [VERSE 02]
92652	5	2	 [VERSE 02]
93054	6	3	 [VERSE 02]
93438	7,1	4	 [VERSE 02]
93822	2	5	 [VERSE 02]
94243	3	6	 [VERSE 02]
94653	4	7,1	 [VERSE 02]
95052	5	2	 [VERSE 02]
95451	6	3	 [VERSE 02]
95933	7,1	4	 [VERSE 01]
96421	2	5	 [VERSE 02]
96812	3	6	 [VERSE 02]
97188	4	7,1	 [VERSE 02]
97454	5	2	 [VERSE 02]
98995	8		 Guitar Riff 2
99085		8	
99154	1	2,3,4,5,6,7,8	 [VERSE 01]
99222	8		 Guitar Riff 2
99312		8	
99561	2		 [VERSE 01]
99635	8		 Guitar Riff 2
99725		8	
99842	8		 Guitar Riff 2
99932		8	
99938	3		 [VERSE 01]
100034	8		 Guitar Riff 2
100124		8	
100307	4		 [VERSE 01]
100422	8		 Guitar Riff 2
100512		8	
100635	5,8		 Guitar Riff 2
100725		8	
100826	8		 Guitar Riff 2
100916		8	
101101	6		 [VERSE 01]
101215	8		 Guitar Riff 2
101305		8	
101433	7,8		 Guitar Riff 2 [V1]
101523		8	
101631	8		 Guitar Riff 2
101721		8	
101938		1	 [VERSE 01]
102025	8		 Guitar Riff 2
102115		8	
102255	8	2	 Guitar Riff 2 [V1]
102345		8	
102435	8		 Guitar Riff 2
102525		8	
102706		3	 [VERSE 01]
102832	8		 Guitar Riff 2
102922		8	
103062	8	4	 Guitar Riff 2
103152		8	
103254	8		 Guitar Riff 2
103344		8	
103530		5	 [VERSE 01]
103662	8		 Guitar Riff 2
103752		8	
103860	8	6	 Guitar Riff 2 [V1]
103950		8	
104034	8		 Guitar Riff 2
104124		8	
104347		7	 [VERSE 01]
104474	8		 Guitar Riff 2
104564		8	
104683	8		 Guitar Riff 2
104771	1,3,5,7	2,4,6	 [VERSE 01]
104861		8	
104871	8		 Guitar Riff 2
104961		8	
105187	2,4,6	1,3,5,7	 [VERSE 01]
105254	8		 Guitar Riff 2
105344		8	
105461	8		 Guitar Riff 2
105551		8	
105591	1	2,3,4,5,6,7,8	 [VERSE 02]
105663	8		 Guitar Riff 2
105753		8	
105981	2	1	 [VERSE 02]
106065	8		 Guitar Riff 2
106155		8	
106270	3,1,8	2	 Guitar Riff 2 [V2]
106360		8	
106462	8		 Guitar Riff 2
106552		8	
106783	4,2	3,1	 [VERSE 02]
106879	8		 Guitar Riff 2
106969		8	
107083	8		 Guitar Riff 2
107169	5,3,1	4,2	 [VERSE 02]
107259		8	
107286	8		 Guitar Riff 2
107376		8	
107586	6,4,2	5,3,1	 [VERSE 02]
107685	8		 Guitar Riff 2
107775		8	
107902	8		 Guitar Riff 2
107978	7,5,3	6,4,2	 [VERSE 02]
108068		8	
108095	8		 Guitar Riff 2
108185		8	
108411	1,6,4	7,5,3	 [VERSE 02]
108508	8		 Guitar Riff 2
108598		8	
108703	2,7,5,8	1,6,4	 Guitar Riff 2 [V2]
108793		8	
108873	8		 Guitar Riff 2
108963		8	
109210	3,1,6	2,7,5	 [VERSE 02]
109327	8		 Guitar Riff 2
109417		8	
109514	4,2,7,8	3,1,6	 Guitar Riff 2 [V2]
109604		8	
109702	8		 Guitar Riff 2
109792		8	
110021	5,3,1	4,2,7	 [VERSE 02]
110125	8		 Guitar Riff 2
110215		8	
110311	6,4,2,8	5,3,1	 Guitar Riff 2 [V2]
110401		8	
110838	7,5,3	6,4,2	 [VERSE 02]
110935	8		 Guitar Riff 2
111025		8	
111114	1,6,4,8	7,5,3	 Guitar Riff 2 [V2]
111204		8	
111315	8		 Guitar Riff 2
111405		8	
111650	2,7,5	1,6,4	 [VERSE 02]
111773	8		 Guitar Riff 2
111863		8	
111959	3,1,6,8	2,7,5	 Guitar Riff 2 [V2]
112049		8	
112143	8		 Guitar Riff 2
112233		8	
112449	4,2,7	3,1,6	 [VERSE 02]
112541	8		 Guitar Riff 2
112631		8	
112734	5,3,1,8	4,2,7	 Guitar Riff 2 [V2]
112824		8	
112911	8		 Guitar Riff 2
113001		8	
113250	6,4,2	5,3,1	 [VERSE 02]
113372	8		 Guitar Riff 2
113462		8	
113554	8		 Guitar Riff 2
113644		8	
113650	7,5,3	6,4,2	 [VERSE 02]
113751	8		 Guitar Riff 2
113841		8	
114058	1,6,4	7,5,3	 [VERSE 02]
114159	8		 Guitar Riff 2
114249		8	
114354	2,7,5,8	1,6,4	 Guitar Riff 2 [V2]
114444		8	
114554	8		 Guitar Riff 2
114644		8	
114870	3,1,6	2,7,5	 [VERSE 02]
114979	8		 Guitar Riff 2
115069		8	
115167	4,2,7,8	3,1,6	 Guitar Riff 2 [V2]
115257		8	
115351	8		 Guitar Riff 2
115441		8	
115658	5,3,1	4,2,7	 [VERSE 02]
115774	8		 Guitar Riff 2
115864		8	
115966	8		 Guitar Riff 2
116043	6,4,2	5,3,1	 [VERSE 02]
116113	8		 Guitar Riff 2
116203		8	
116470	7,5,3	6,4,2	 [VERSE 02]
116583	8		 Guitar Riff 2
116673		8	
116763	1,6,4,8	7,5,3	 Guitar Riff 2 [V2]
116853		8	
116951	8		 Guitar Riff 2
117041		8	
117267	2,7,5	1,6,4	 [VERSE 02]
117373	8		 Guitar Riff 2
117463		8	
117555	8		 Guitar Riff 2
117645		8	
117665	3,1,6	2,7,5	 [VERSE 02]
117725	8		 Guitar Riff 2
117815		8	
118090	4,2,7	3,1,6	 [VERSE 02]
118195	8		 Guitar Riff 2
118285		8	
118382	8		 Guitar Riff 2
118472		8	
118498	5,3	4,2,7	 [VERSE 02]
118554	8		 Guitar Riff 2
118644		8	
118907	6,4	5,3	 [VERSE 02]
118982	8		 Guitar Riff 2
119072		8	
119179	8		 Guitar Riff 2
119269		8	
119321	7,5,8	6,4	 Guitar Riff 2 [V2]
119411		8	
119745	6	7,5	 [VERSE 02]
119834	8		 Guitar Riff 2
119924		8	
120015	8		 Guitar Riff 2
120105		8	
120168	1,2,3,4,5,6,7,8		 Guitar Riff 2 [V2]
120258		8	
120619	8		 Guitar Riff 2
120709		8	
120798	8		 Guitar Riff 2
120888		8	
120983	8		 Guitar Riff 2
121073		8	
121435	8		 Guitar Riff 2
121525		8	
121619	8		 Guitar Riff 2
121709		8	
121785	8		 Guitar Riff 2
121875		8	
122255	8		 Guitar Riff 2
122345		8	
122434	8		 Guitar Riff 2
122524		8	
122613	8		 Guitar Riff 2
122703		8	
123079	8		 Guitar Riff 2
123169		8	
123262	8		 Guitar Riff 2
123352		8	
123404	8		 Guitar Riff 2
123494		8	
123871	8		 Guitar Riff 2
123961		8	
124063	8		 Guitar Riff 2
124153		8	
124234	8		 Guitar Riff 2
124324		8	
124695	8		 Guitar Riff 2
124785		8	
124876	1,7,8	2,3,4,5,6	 Guitar Riff 2 [V1]
124966		8	
125043	8		 Guitar Riff 2
125133		8	
125598	2,6		 [VERSE 01]
125802	3,5	1,7	 [VERSE 01]
125968	4	2,6	 [VERSE 01]
126170	1,7	3,5	 [VERSE 01]
126382	2,6	4	 [VERSE 01]
126622	3,5	1,7	 [VERSE 01]
127178	4	2,6	 [VERSE 01]
127387	1,7	3,5	 [VERSE 01]
127579	2,6	4	 [VERSE 01]
127787	3,5	1,7	 [VERSE 01]
127991	4	2,6	 [VERSE 01]
128247	1,7	3,5	 [VERSE 01]
128839	2,6	4	 [VERSE 01]
129032	3,5	1,7	 [VERSE 01]
129658	4	2,6	 [VERSE 01]
129866	1,7	3,5	 [VERSE 01]
130261	2,6	4	 [VERSE 01]
130650	3,5	1,7	 [VERSE 01]
131032	4	2,6	 [VERSE 01]
131471	1,2	3,4,5,6,7,8	 [BRIDGE]
131581	3,4	1,2	
131691	5,6	3,4	
131850	7	5,6	 [BRIDGE]
131960	5,6	7	
132070	3,4	5,6	
132271	1,2	3,4,5	 [BRIDGE]
132381	3,4	1,2	
132491	5,6	3,4	
132657	7	5,6	 [BRIDGE]
132767	5,6	7	
132877	3,4	5,6	
133069	1,2	3,4,5	 [BRIDGE]
133179	3,4	1,2	
133289	5,6	3,4	
133475	7	5,6	 [BRIDGE]
133585	5,6	7	
133695	3,4	5,6	
133859	1,2	3,4,5	 [BRIDGE]
133969	3,4	1,2	
134079	5,6	3,4	
134280	7	5,6	 [BRIDGE]
134390	5,6	7	
134500	3,4	5,6	
134698	1,2	3,4,5	 [BRIDGE]
134808	3,4	1,2	
134918	5,6	3,4	
135071	7	5,6	 [BRIDGE]
135181	5,6	7	
135291	3,4	5,6	
135507	1,2	3,4,5	 [BRIDGE]
135617	3,4	1,2	
135727	5,6	3,4	
135901	7	5,6	 [BRIDGE]
136011	5,6	7	
136121	3,4	5,6	
136267	1,2	3,4	 [BRIDGE]
136591	7,6	1,2,3,4,5,8	 [VERSE 02]
136762	5	7	 [VERSE 02]
136943	4	6	 [VERSE 02]
137111	3	5	 [VERSE 02]
137299	2	4	 [VERSE 02]
137440	1	3	 [VERSE 02]
137662		2	 [VERSE 02]
137781	1,2	3,4,5,6,7,8	 [BRIDGE]
137891	3,4	1,2	
138001	5,6	3,4	
138079	7	5,6	 [BRIDGE]
138189	5,6	7	
138299	3,4	5,6	
138390	1,2	3,4,5	 [BRIDGE]
138500	3,4	1,2	
138610	5,6	3,4	
138712	7	5,6	 [BRIDGE]
138822	5,6	7	
138932	3,4	5,6	
139120	1,2	3,4,5	 [BRIDGE]
139230	3,4	1,2	
139340	5,6	3,4	
139519	7	5,6	 [BRIDGE]
139629	5,6	7	
139739	3,4	5,6	
139947	1,2	3,4,5	 [BRIDGE]
140057	3,4	1,2	
140167	5,6	3,4	
140320	7	5,6	 [BRIDGE]
140430	5,6	7	
140540	3,4	5,6	
140738	1,2	3,4,5	 [BRIDGE]
140848	3,4	1,2	
140958	5,6	3,4	
141147	7	5,6	 [BRIDGE]
141257	5,6	7	
141367	3,4	5,6	
141541	1,2	3,4,5	 [BRIDGE]
141651	3,4	1,2	
141761	5,6	3,4	
141971	7	5,6	 [BRIDGE]
142081	5,6	7	
142191	3,4	5,6	
142390	1,2	3,4,5	 [BRIDGE]
143401	7	1,2,3,4,5,6,8	 [VERSE 02]
144414	6		 [VERSE 02]
146002	5	7	 [VERSE 02]
146874	4	6	 [VERSE 02]
147629	3	5	 [VERSE 02]
148029	2	4	 [VERSE 02]
148458	1	3	 [VERSE 02]
148867		2	 [VERSE 02]
149265	7	1,2,3,4,5,6,8	 [BRIDGE]
149697	6		 [BRIDGE]
150113	5	7	 [BRIDGE]
150537	4	6	 [BRIDGE]
150895	3,7	5	 [BRIDGE]
151281	2,6	4	 [BRIDGE]
151691	1,5	3,7	 [BRIDGE]
152098	7,4	2,6	 [BRIDGE]
152511	6,3	1,5	 [BRIDGE]
152912	5,2	7,4	 [BRIDGE]
153313	4,1	6,3	 [BRIDGE]
153699	3,7	5,2	 [BRIDGE]
154120	2,6	4,1	 [BRIDGE]
154513	1,5	3,7	 [BRIDGE]
154938	4	2,6	 [BRIDGE]
155346	3	1,5	 [BRIDGE]
155740	2	4	 [BRIDGE]
156178	1	3	 [BRIDGE]
156581	7	2	 [BRIDGE]
156987	6	1	 [BRIDGE]
157378	5	7	 [BRIDGE]
157778	4	6	 [BRIDGE]
158181	3,7	5	 [BRIDGE]
158602	2,6	4	 [BRIDGE]
158987	1,5	3,7	 [BRIDGE]
159401	7,4	2,6	 [BRIDGE]
159819	6,3	1,5	 [BRIDGE]
160190	5,2	7,4	 [BRIDGE]
160618	4,1	6,3	 [BRIDGE]
160986	3,7	5,2	 [BRIDGE]
161431	2,6	4,1	 [BRIDGE]
161790	1,5	3,7	 [BRIDGE]
162250	4	2,6	 [BRIDGE]
162690	3	1,5	 [BRIDGE]
163051	2	4	 [BRIDGE]
163427	1	3	 [BRIDGE]
163841		2	 [BRIDGE]
164241	1,5	2,3,4,6,7,8	 [BRIDGE]
164641	2,6	1,5	 [BRIDGE]
165040	3,7	2,6	 [BRIDGE]
165506	4	3,7	 [BRIDGE]
166234	8,1,5	2,3,4,6,7	 [VERSE 02]
166324		8	
166427	8		 [VERSE 02]
166517		8	
166610	8		 [VERSE 02]
166700		8	
166826	8		 [VERSE 02]
166916		8	
167001	8		 [VERSE 02]
167091		8	
167161	8		 [VERSE 02]
167251		8	
167322	8		 [VERSE 02]
167412		8	
167474	8		 [VERSE 02]
167564		8	
167787	8,2,6	1,5	 [VERSE 02]
167877		8	
167976	8		 [VERSE 02]
168066		8	
168134	8		 [VERSE 02]
168224		8	
168321	8		 [VERSE 02]
168411		8	
168499	8		 [VERSE 02]
168589		8	
168680	8		 [VERSE 02]
168770		8	
168850	8		 [VERSE 02]
168940		8	
169002	8		 [VERSE 02]
169092		8	
169186	8,3,7	2,6	 [VERSE 02]
169276		8	
169359	8		 [VERSE 02]
169449		8	
169541	8		 [VERSE 02]
169631		8	
169729	8		 [VERSE 02]
169819		8	
169898	8		 [VERSE 02]
169988		8	
170090	8		 [VERSE 02]
170180		8	
170290	8		 [VERSE 02]
170380		8	
170499	8		 [VERSE 02]
170589		8	
170669	8,4	3,7	 [VERSE 02]
170759		8	
170822	8		 [VERSE 02]
170912		8	
171130	8		 [VERSE 02]
171220		8	
171274	8		 [VERSE 02]
171364		8	
171547	8		 [VERSE 02]
171637		8	
171922	1,5	2,3,4,6,7,8	 [BRIDGE]
172701	2,6	1,5	 [BRIDGE]
173510	3,7	2,6	 [BRIDGE]
174346	4	3,7	 [BRIDGE]
175111	1,5	2,3,4,6,7,8	 [BRIDGE]
175935	2,6	1,5	 [BRIDGE]
176779	3,7	2,6	 [BRIDGE]
177552	4	3,7	 [BRIDGE]
178369	1,5	2,3,4,6,7,8	 [BRIDGE]
181715	1,2,3,4,5,6,7,8		 [VERSE 01]
184600	4	1,2,3,5,6,7,8	[END]