10OneQuietMoment.mp3
true
Glad - One Quiet Moment
Glad
0	1,2,3,4,5,6,7,8		 [VERSE 01]
1380	1,5	2,3,4,6,7,8	 [VERSE 01]
1612	2,6	1,5	 [VERSE 01]
1893	3,7	2,6	 [VERSE 01]
2516	4	3,7	 [VERSE 01]
3957	1,5	2,3,4,6,7,8	 [VERSE 01]
4540	2,6	1,5	 [VERSE 01]
5276	3,7	2,6	 [VERSE 01]
5556	4	3,7	 [VERSE 01]
5956	1,5	2,3,4,6,7,8	 [VERSE 01]
6604	2,6	1,5	 [VERSE 01]
7972	3,7	2,6	 [VERSE 01]
8628	4	3,7	 [VERSE 01]
9308	1,5	2,3,4,6,7,8	 [VERSE 02]
10012	2,6	1,5	 [VERSE 02]
11060	3,7	2,6	 [VERSE 02]
11411	4	3,7	 [VERSE 02]
11684	1,5	2,3,4,6,7,8	 [VERSE 02]
12788	2,6	1,5	 [VERSE 02]
13076	3,7	2,6	 [VERSE 02]
13396	4	3,7	 [VERSE 02]
14740	1,5	2,3,4,6,7,8	 [VERSE 02]
15044	2,6	1,5	 [VERSE 02]
15388	3,7	2,6	 [VERSE 02]
17532	4	3,7	 [VERSE 02]
18220	1,5	2,3,4,6,7,8	 [VERSE 02]
19228	2,6	1,5	 [VERSE 02]
19580	3,7	2,6	 [VERSE 02]
20220	4	3,7	 [VERSE 02]
20932	1,5	2,3,4,6,7,8	 [VERSE 02]
21236	2,6	1,5	 [VERSE 02]
21596	3,7	2,6	 [VERSE 02]
22972	4	3,7	 [VERSE 02]
23252	1,5	2,3,4,6,7,8	 [VERSE 02]
23572	2,6	1,5	 [VERSE 02]
25020	3,7	2,6	 [VERSE 02]
25300	4	3,7	 [VERSE 02]
25669	1,5	2,3,4,6,7,8	 [VERSE 02]
26715	2,6	1,5	 [VERSE 02]
27268	3,7	2,6	 [VERSE 02]
27741	4	3,7	 [VERSE 02]
28181	1,5	2,3,4,6,7,8	 [VERSE 02]
29068	2,6	1,5	 [VERSE 02]
29395	3,7	2,6	 [VERSE 02]
29756	4	3,7	 [VERSE 02]
30372	1,5	2,3,4,6,7,8	 [VERSE 02]
31132	2,6	1,5	 [VERSE 02]
31883	3,7	2,6	 [VERSE 02]
33484	4	3,7	 [VERSE 02]
33811	1,5	2,3,4,6,7,8	 [VERSE 02]
34468	2,6	1,5	 [VERSE 02]
35524	3,7	2,6	 [VERSE 02]
35852	4	3,7	 [VERSE 02]
36163	1,5	2,3,4,6,7,8	 [VERSE 02]
37229	2,6	1,5	 [VERSE 02]
37549	3,7	2,6	 [VERSE 02]
37924	4	3,7	 [VERSE 02]
38652	1,5	2,3,4,6,7,8	 [VERSE 02]
39332	2,6	1,5	 [VERSE 02]
40060	3,7	2,6	 [VERSE 02]
41988	4	3,7	 [BRIDGE]
42957	1,5	2,3,4,6,7,8	 [BRIDGE]
44044	2,6	1,5	 [BRIDGE]
44332	3,7	2,6	 [BRIDGE]
44604	4	3,7	 [BRIDGE]
45724	1,5	2,3,4,6,7,8	 [BRIDGE]
46004	2,6	1,5	 [BRIDGE]
46355	3,7	2,6	 [BRIDGE]
47668	4	3,7	 [BRIDGE]
47971	1,5	2,3,4,6,7,8	 [BRIDGE]
48308	2,6	1,5	 [BRIDGE]
50068	3,7	2,6	 [BRIDGE]
50324	4	3,7	 [BRIDGE]
50989	1,5	2,3,4,6,7,8	 [BRIDGE]
52004	2,6	1,5	 [BRIDGE]
52300	3,7	2,6	 [BRIDGE]
52571	4	3,7	 [BRIDGE]
53659	1,5	2,3,4,6,7,8	 [BRIDGE]
53956	2,6	1,5	 [BRIDGE]
54300	3,7	2,6	 [BRIDGE]
55628	4	3,7	 [BRIDGE]
55916	1,5	2,3,4,6,7,8	 [BRIDGE]
56268	2,6	1,5	 [BRIDGE]
58341	3,7	2,6	 [BRIDGE]
59019	4	3,7	 [BRIDGE]
60051	1,5	2,3,4,6,7,8	 [BRIDGE]
60332	2,6	1,5	 [BRIDGE]
60644	3,7	2,6	 [BRIDGE]
61660	4	3,7	 [BRIDGE]
62004	1,5	2,3,4,6,7,8	 [BRIDGE]
62331	2,6	1,5	 [BRIDGE]
62980	3,7	2,6	 [BRIDGE]
63684	4	3,7	 [BRIDGE]
64340	1,5	2,3,4,6,7,8	 [BRIDGE]
65692	2,6	1,5	 [BRIDGE]
65996	3,7	2,6	 [BRIDGE]
66339	4	3,7	 [BRIDGE]
67019	1,5	2,3,4,6,7,8	 [BRIDGE]
67652	2,6	1,5	 [BRIDGE]
68388	3,7	2,6	 [BRIDGE]
69796	4	3,7	 [BRIDGE]
70083	1,5	2,3,4,6,7,8	 [BRIDGE]
70452	2,6	1,5	 [BRIDGE]
71124	3,7	2,6	 [BRIDGE]
71700	4	3,7	 [BRIDGE]
72604	1,5	2,3,4,6,7,8	 [BRIDGE]
74284	2,6	1,5	 [VERSE 02]
74595	3,7	2,6	 [VERSE 02]
74931	4	3,7	 [VERSE 02]
75604	1,5	2,3,4,6,7,8	 [VERSE 02]
76500	2,6	1,5	 [VERSE 02]
76787	3,7	2,6	 [VERSE 02]
77123	4	3,7	 [VERSE 02]
78668	1,5	2,3,4,6,7,8	 [VERSE 02]
78948	2,6	1,5	 [VERSE 02]
79219	3,7	2,6	 [VERSE 02]
80156	4	3,7	 [VERSE 02]
80900	1,5	2,3,4,6,7,8	 [VERSE 02]
82612	2,6	1,5	 [VERSE 02]
82923	3,7	2,6	 [VERSE 02]
83211	4	3,7	 [VERSE 02]
84148	1,5	2,3,4,6,7,8	 [VERSE 02]
84860	2,6	1,5	 [VERSE 02]
86261	3,7	2,6	 [VERSE 02]
86563	4	3,7	 [VERSE 02]
86891	1,5	2,3,4,6,7,8	 [VERSE 02]
87516	2,6	1,5	 [VERSE 02]
88211	3,7	2,6	 [VERSE 02]
88891	4	3,7	 [VERSE 02]
90556	1,5	2,3,4,6,7,8	 [VERSE 02]
90851	2,6	1,5	 [VERSE 02]
91459	3,7	2,6	 [VERSE 02]
92516	4	3,7	 [VERSE 02]
92859	1,5	2,3,4,6,7,8	 [VERSE 02]
93204	2,6	1,5	 [VERSE 02]
94228	3,7	2,6	 [VERSE 02]
94579	4	3,7	 [VERSE 02]
94917	1,5	2,3,4,6,7,8	 [VERSE 02]
95555	2,6	1,5	 [VERSE 02]
96275	3,7	2,6	 [VERSE 02]
96932	4	3,7	 [VERSE 02]
100668	1,5	2,3,4,6,7,8	 [VERSE 02]
100931	2,6	1,5	 [VERSE 02]
101571	3,7	2,6	 [VERSE 02]
102563	4	3,7	 [VERSE 02]
102963	1,5	2,3,4,6,7,8	 [VERSE 02]
103675	2,6	1,5	 [VERSE 02]
108684	3,7	2,6	 [VERSE 01]
108923	4	3,7	 [VERSE 01]
109556	1,5	2,3,4,6,7,8	 [VERSE 01]
110556	2,6	1,5	 [VERSE 01]
110836	3,7	2,6	 [VERSE 01]
112211	4	3,7	 [VERSE 01]
112523	1,5	2,3,4,6,7,8	 [VERSE 01]
112867	2,6	1,5	 [VERSE 01]
114244	3,7	2,6	 [VERSE 01]
114572	4	3,7	 [VERSE 01]
114851	1,5	2,3,4,6,7,8	 [VERSE 01]
116323	2,6	1,5	 [VERSE 01]
116571	3,7	2,6	 [VERSE 01]
116915	4	3,7	 [VERSE 01]
117548	1,5	2,3,4,6,7,8	 [VERSE 01]
118571	2,6	1,5	 [VERSE 01]
118883	3,7	2,6	 [VERSE 01]
119155	4	3,7	 [VERSE 01]
120587	1,5	2,3,4,6,7,8	 [VERSE 01]
120884	2,6	1,5	 [VERSE 01]
121180	3,7	2,6	 [VERSE 01]
122212	4	3,7	 [VERSE 01]
122539	1,5	2,3,4,6,7,8	 [VERSE 01]
124524	2,6	1,5	 [VERSE 01]
124908	3,7	2,6	 [VERSE 01]
125579	4	3,7	 [VERSE 01]
126539	1,5	2,3,4,6,7,8	 [VERSE 01]
126819	2,6	1,5	 [VERSE 01]
127107	3,7	2,6	 [VERSE 01]
128204	4	3,7	 [VERSE 01]
128532	1,5	2,3,4,6,7,8	 [VERSE 01]
128891	2,6	1,5	 [VERSE 01]
129268	3,7	2,6	 [VERSE 01]
130220	4	3,7	 [VERSE 01]
130587	1,5	2,3,4,6,7,8	 [VERSE 01]
132604	2,6	1,5	 [VERSE 01]
132931	3,7	2,6	 [VERSE 01]
133532	4	3,7	 [VERSE 01]
134547	1,5	2,3,4,6,7,8	 [VERSE 01]
134899	2,6	1,5	 [VERSE 01]
135259	3,7	2,6	 [VERSE 01]
136211	4	3,7	 [VERSE 01]
136772	1,5	2,3,4,6,7,8	 [VERSE 01]
136988	2,6	1,5	 [VERSE 01]
137587	3,7	2,6	 [VERSE 01]
138275	4	3,7	 [VERSE 01]
138988	1,5	2,3,4,6,7,8	 [VERSE 01]
140820	2,6	1,5	 [VERSE 02]
141108	3,7	2,6	 [VERSE 02]
141444	4	3,7	 [VERSE 02]
142636	1,5	2,3,4,6,7,8	 [VERSE 02]
142868	2,6	1,5	 [VERSE 02]
143196	3,7	2,6	 [VERSE 02]
144492	4	3,7	 [VERSE 02]
144796	1,5	2,3,4,6,7,8	 [VERSE 02]
145163	2,6	1,5	 [VERSE 02]
146467	3,7	2,6	 [VERSE 02]
146804	4	3,7	 [VERSE 02]
147172	1,5	2,3,4,6,7,8	 [VERSE 02]
148932	2,6	1,5	 [VERSE 02]
149187	3,7	2,6	 [VERSE 02]
150219	4	3,7	 [VERSE 02]
150500	1,5	2,3,4,6,7,8	 [VERSE 02]
151180	2,6	1,5	 [VERSE 02]
151483	3,7	2,6	 [VERSE 02]
152739	4	3,7	 [VERSE 02]
153059	1,5	2,3,4,6,7,8	 [VERSE 02]
153771	2,6	1,5	 [VERSE 02]
154747	3,7	2,6	 [VERSE 02]
155147	4	3,7	 [VERSE 02]
156651	1,5	2,3,4,6,7,8	 [VERSE 02]
156917	2,6	1,5	 [VERSE 02]
157235	3,7	2,6	 [VERSE 02]
157795	4	3,7	 [VERSE 02]
158683	1,5	2,3,4,6,7,8	 [VERSE 02]
159091	2,6	1,5	 [VERSE 02]
159444	3,7	2,6	 [VERSE 02]
160396	4	3,7	 [VERSE 02]
160804	1,5	2,3,4,6,7,8	 [VERSE 02]
161100	2,6	1,5	 [VERSE 02]
161812	3,7	2,6	 [VERSE 02]
162804	4	3,7	 [VERSE 02]
163132	1,5	2,3,4,6,7,8	 [VERSE 02]
164492	2,6	1,5	 [VERSE 02]
164787	3,7	2,6	 [VERSE 02]
165139	4	3,7	 [VERSE 02]
165780	1,5	2,3,4,6,7,8	 [VERSE 02]
166451	2,6	1,5	 [VERSE 02]
167164	3,7	2,6	 [VERSE 02]
167476	4	3,7	 [VERSE 02]
168955	1,5	2,3,4,6,7,8	 [VERSE 02]
169259	2,6	1,5	 [VERSE 02]
169979	3,7	2,6	 [VERSE 02]
170796	4	3,7	 [VERSE 02]
171819	1,5	2,3,4,6,7,8	 [VERSE 02]
175435	2,6	1,5	 [BRIDGE]
175731	3,7	2,6	 [BRIDGE]
176140	4	3,7	 [BRIDGE]
176915	1,5	2,3,4,6,7,8	 [BRIDGE]
177811	2,6	1,5	 [BRIDGE]
178116	3,7	2,6	 [BRIDGE]
178387	4	3,7	 [BRIDGE]
179843	1,5	2,3,4,6,7,8	 [BRIDGE]
180132	2,6	1,5	 [BRIDGE]
180460	3,7	2,6	 [BRIDGE]
181531	4	3,7	 [BRIDGE]
182187	1,5	2,3,4,6,7,8	 [BRIDGE]
183875	2,6	1,5	 [BRIDGE]
184140	3,7	2,6	 [BRIDGE]
184452	4	3,7	 [BRIDGE]
185451	1,5	2,3,4,6,7,8	 [BRIDGE]
186188	2,6	1,5	 [BRIDGE]
187491	3,7	2,6	 [BRIDGE]
187795	4	3,7	 [BRIDGE]
188203	1,5	2,3,4,6,7,8	 [BRIDGE]
188859	2,6	1,5	 [BRIDGE]
189532	3,7	2,6	 [BRIDGE]
190203	4	3,7	 [BRIDGE]
191877	1,5	2,3,4,6,7,8	 [BRIDGE]
192211	2,6	1,5	 [BRIDGE]
192827	3,7	2,6	 [BRIDGE]
193835	4	3,7	 [BRIDGE]
194163	1,5	2,3,4,6,7,8	 [BRIDGE]
194476	2,6	1,5	 [BRIDGE]
195484	3,7	2,6	 [BRIDGE]
195803	4	3,7	 [BRIDGE]
196219	1,5	2,3,4,6,7,8	 [BRIDGE]
196876	2,6	1,5	 [BRIDGE]
197507	3,7	2,6	 [BRIDGE]
198252	4	3,7	 [BRIDGE]
201963	1,5	2,3,4,6,7,8	 [BRIDGE]
202220	2,6	1,5	 [BRIDGE]
202876	3,7	2,6	 [BRIDGE]
203899	4	3,7	 [BRIDGE]
204219	1,5	2,3,4,6,7,8	 [BRIDGE]
204948	2,6	1,5	 [BRIDGE]
210140	3,7	2,6	 [BRIDGE]
210356	4	3,7	 [BRIDGE]
210907	1,5	2,3,4,6,7,8	 [BRIDGE]
211835	2,6	1,5	 [BRIDGE]
212187	3,7	2,6	 [BRIDGE]
212940	4	3,7	 [BRIDGE]
217868	1,5	2,3,4,6,7,8	 [VERSE 02]
218196	2,6	1,5	 [VERSE 02]
218844	3,7	2,6	 [VERSE 02]
219459	4	3,7	 [VERSE 02]
220076	1,5	2,3,4,6,7,8	 [VERSE 02]
220827	2,6	1,5	 [VERSE 02]
222036	3,7	2,6	 [VERSE 02]
223299	4	3,7	 [VERSE 02]
225195	1,5	2,3,4,6,7,8	 [VERSE 02]
225739	2,6	1,5	 [VERSE 02]
226275	3,7	2,6	 [VERSE 02]
226843	4	3,7	 [VERSE 02]
227403	1,5	2,3,4,6,7,8	 [VERSE 02]
228020	2,6	1,5	 [VERSE 02]
228651	3,7	2,6	 [VERSE 02]
229251	4	3,7	 [VERSE 02]
229892	1,5	2,3,4,6,7,8	 [VERSE 02]
230588	2,6	1,5	 [VERSE 02]
231292	3,7	2,6	 [VERSE 02]
231900	4	3,7	 [VERSE 02]
232651	1,5	2,3,4,6,7,8	 [VERSE 01]
233028	2,6	1,5	 [VERSE 01]
233515	3,7	2,6	 [VERSE 01]
234467	4	3,7	 [VERSE 01]
234795	1,5	2,3,4,6,7,8	 [VERSE 01]
235131	2,6	1,5	 [VERSE 01]
236011	3,7	2,6	 [VERSE 01]
236340	4	3,7	 [VERSE 01]
236676	1,5	2,3,4,6,7,8	 [VERSE 01]
237011	2,6	1,5	 [VERSE 01]
238044	3,7	2,6	 [VERSE 01]
238371	4	3,7	 [VERSE 01]
240468	1,5	2,3,4,6,7,8	 [VERSE 01]
241156	2,6	1,5	 [VERSE 01]
242164	3,7	2,6	 [VERSE 01]
242443	4	3,7	 [VERSE 01]
242723	1,5	2,3,4,6,7,8	 [VERSE 01]
244283	2,6	1,5	 [VERSE 01]
244348	3,7	2,6	 [VERSE 01]
244699	4	3,7	 [VERSE 01]
245723	1,5	2,3,4,6,7,8	 [VERSE 01]
245980	2,6	1,5	 [VERSE 01]
246340	3,7	2,6	 [VERSE 01]
248276	4	3,7	 [VERSE 01]
248899	1,5	2,3,4,6,7,8	 [VERSE 01]
249516	2,6	1,5	 [VERSE 01]
250212	3,7	2,6	 [VERSE 01]
251668	4	3,7	 [VERSE 01]
251891	1,5	2,3,4,6,7,8	 [VERSE 01]
252219	2,6	1,5	 [VERSE 01]
253100	3,7	2,6	 [VERSE 01]
254060	4	3,7	 [VERSE 01]
255131	1,5	2,3,4,6,7,8	 [VERSE 01]
262461	2,6	1,5	 [VERSE 02]
262643	3,7	2,6	 [VERSE 02]
262908	4	3,7	 [VERSE 02]
263523	1,5	2,3,4,6,7,8	 [VERSE 02]
264475	2,6	1,5	 [VERSE 02]
264795	3,7	2,6	 [VERSE 02]
265515	4	3,7	 [VERSE 02]
270115	1,5	2,3,4,6,7,8	 [VERSE 02]
270348	2,6	1,5	 [VERSE 02]
270643	3,7	2,6	 [VERSE 02]
271203	4	3,7	 [VERSE 02]
272261	1,5	2,3,4,6,7,8	 [VERSE 02]
272620	2,6	1,5	 [VERSE 02]
273275	3,7	2,6	 [VERSE 02]
278531	4	3,7	 [VERSE 02]
282316	1,5	2,3,4,6,7,8	 [VERSE 02]
285516	2,6	1,5	 [VERSE 02]
286323	3,7	2,6	 [VERSE 02]
287108	4	3,7	 [VERSE 02]
290371	1,5	2,3,4,6,7,8	 [BRIDGE]
290611	2,6	1,5	 [BRIDGE]
290964	3,7	2,6	 [BRIDGE]
291596	4	3,7	 [BRIDGE]
292340	1,5	2,3,4,6,7,8	 [BRIDGE]
292756	2,6	1,5	 [BRIDGE]
293179	3,7	2,6	 [BRIDGE]
294179	4	3,7	 [BRIDGE]
295852	1,2,3,4,5,6,7,8		 [BRIDGE]
304044	1,2,3,4,5,6,7,8		[END]
