11InTheFirstLight.mp3
true
Glad - In The First Light
Glad
0	1,2,3,4,5,6,7,8		 [VERSE 01]
1095	1	2,3,4,5,6,7,8	 [VERSE 01]
1440	2	1	 [VERSE 01]
1777	3,1	2	 [VERSE 01]
2480	4,2	3,1	 [VERSE 01]
3664	5,3,1	4,2	 [VERSE 01]
4089	6,4,2	5,3,1	 [VERSE 01]
4400	7,5,3,1	6,4,2	 [VERSE 01]
4992	6,4,2	7,5,3,1	 [VERSE 01]
6336	7,5,3,1	6,4,2	 [VERSE 01]
6703	6,4,2	7,5,3,1	 [VERSE 01]
7032	7,5,3,1	6,4,2	 [VERSE 01]
7984	6,4,2	7,5,3,1	 [VERSE 01]
8288	7,5,3,1	6,4,2	 [VERSE 01]
9288	6,4,2	7,5,3,1	 [VERSE 01]
9624	7,5,3,1	6,4,2	 [VERSE 01]
11672	6,4,2	7,5,3,1	 [VERSE 01]
11968	7,5,3,1	6,4,2	 [VERSE 01]
12296	6,4,2	7,5,3,1	 [VERSE 01]
12968	7,5,3,1	6,4,2	 [VERSE 01]
14368	6,4,2	7,5,3,1	 [VERSE 01]
14624	7,5,3,1	6,4,2	 [VERSE 01]
14960	6,4,2	7,5,3,1	 [VERSE 01]
15624	7,5,3,1	6,4,2	 [VERSE 01]
16976	6,4,2	7,5,3,1	 [VERSE 01]
17264	7,5,3,1	6,4,2	 [VERSE 01]
17584	6,4,2	7,5,3,1	 [VERSE 01]
18543	7,5,3,1	6,4,2	 [VERSE 01]
18872	6,4,2	7,5,3,1	 [VERSE 01]
19904	7,5,3,1	6,4,2	 [VERSE 01]
20232	6,4,2	7,5,3,1	 [VERSE 01]
22272	7,5,3,1	6,4,2	 [VERSE 02]
22600	6,4,2	7,5,3,1	 [VERSE 02]
22880	7,5,3,1	6,4,2	 [VERSE 02]
23480	6,4,2	7,5,3,1	 [VERSE 02]
24920	7,5,3,1	6,4,2	 [VERSE 02]
25184	6,4,2	7,5,3,1	 [VERSE 02]
25512	7,5,3,1	6,4,2	 [VERSE 02]
26112	6,4,2	7,5,3,1	 [VERSE 02]
27496	7,5,3,1	6,4,2	 [VERSE 02]
27769	6,4,2	7,5,3,1	 [VERSE 02]
28041	7,5,3,1	6,4,2	 [VERSE 02]
29000	6,4,2	7,5,3,1	 [VERSE 02]
29336	7,5,3,1	6,4,2	 [VERSE 02]
30264	6,4,2	7,5,3,1	 [VERSE 02]
30552	7,5,3,1	6,4,2	 [VERSE 02]
32616	6,4,2	7,5,3,1	 [VERSE 02]
32848	7,5,3,1	6,4,2	 [VERSE 02]
33145	6,4,2	7,5,3,1	 [VERSE 02]
33784	7,5,3,1	6,4,2	 [VERSE 02]
35024	6,4,2	7,5,3,1	 [VERSE 02]
35320	7,5,3,1	6,4,2	 [VERSE 02]
35657	6,4,2	7,5,3,1	 [VERSE 02]
36305	7,5,3,1	6,4,2	 [VERSE 02]
37664	6,4,2	7,5,3,1	 [VERSE 02]
37937	7,5,3,1	6,4,2	 [VERSE 02]
38248	6,4,2	7,5,3,1	 [VERSE 02]
39233	7,5,3,1	6,4,2	 [VERSE 02]
39544	6,4,2	7,5,3,1	 [VERSE 02]
40616	7,5,3,1	6,4,2	 [VERSE 02]
40960	6,4,2	7,5,3,1	 [VERSE 02]
43144	7,5,3,1	6,4,2	 [BRIDGE]
43352	6,4,2	7,5,3,1	 [BRIDGE]
43696	7,5,3,1	6,4,2	 [BRIDGE]
44297	6,4,2	7,5,3,1	 [BRIDGE]
44960	7,5,3,1	6,4,2	 [BRIDGE]
46952	6,4,2	7,5,3,1	 [BRIDGE]
47192	7,5,3,1	6,4,2	 [BRIDGE]
47544	6,4,2	7,5,3,1	 [BRIDGE]
48240	7,5,3,1	6,4,2	 [BRIDGE]
49016	6,4,2	7,5,3,1	 [BRIDGE]
51200	7,5,3,1	6,4,2	 [VERSE 02]
51392	6,4,2	7,5,3,1	 [VERSE 02]
51760	7,5,3,1	6,4,2	 [VERSE 02]
52288	6,4,2	7,5,3,1	 [VERSE 02]
53520	7,5,3,1	6,4,2	 [VERSE 02]
53776	6,4,2	7,5,3,1	 [VERSE 02]
54120	7,5,3,1	6,4,2	 [VERSE 02]
54680	6,4,2	7,5,3,1	 [VERSE 02]
56032	7,5,3,1	6,4,2	 [VERSE 02]
56336	6,4,2	7,5,3,1	 [VERSE 02]
56672	7,5,3,1	6,4,2	 [VERSE 02]
57648	6,4,2	7,5,3,1	 [VERSE 02]
57936	7,5,3,1	6,4,2	 [VERSE 02]
58880	6,4,2	7,5,3,1	 [VERSE 02]
59208	7,5,3,1	6,4,2	 [VERSE 02]
61104	6,4,2	7,5,3,1	 [VERSE 02]
61352	7,5,3,1	6,4,2	 [VERSE 02]
61703	6,4,2	7,5,3,1	 [VERSE 02]
62344	7,5,3,1	6,4,2	 [VERSE 02]
63633	6,4,2	7,5,3,1	 [VERSE 02]
63936	7,5,3,1	6,4,2	 [VERSE 02]
64240	6,4,2	7,5,3,1	 [VERSE 02]
64504	7,5,3,1	6,4,2	 [VERSE 02]
66168	6,4,2	7,5,3,1	 [VERSE 02]
66448	7,5,3,1	6,4,2	 [VERSE 02]
66800	6,4,2	7,5,3,1	 [VERSE 02]
67776	7,5,3,1	6,4,2	 [VERSE 02]
68057	6,4,2	7,5,3,1	 [VERSE 02]
68999	7,5,3,1	6,4,2	 [VERSE 02]
69312	6,4,2	7,5,3,1	 [VERSE 02]
71304	7,5,3,1	6,4,2	 [VERSE 02]
71600	6,4,2	7,5,3,1	 [VERSE 02]
71944	7,5,3,1	6,4,2	 [VERSE 02]
72584	6,4,2	7,5,3,1	 [VERSE 02]
73824	7,5,3,1	6,4,2	 [VERSE 02]
74144	6,4,2	7,5,3,1	 [VERSE 02]
74520	7,5,3,1	6,4,2	 [VERSE 02]
75120	6,4,2	7,5,3,1	 [VERSE 02]
76376	7,5,3,1	6,4,2	 [VERSE 02]
76704	6,4,2	7,5,3,1	 [VERSE 02]
77096	7,5,3,1	6,4,2	 [VERSE 02]
78327	6,4,2	7,5,3,1	 [VERSE 02]
78545	7,5,3,1	6,4,2	 [VERSE 02]
79320	6,4,2	7,5,3,1	 [VERSE 02]
79639	7,5,3,1	6,4,2	 [VERSE 02]
81513	6,4,2	7,5,3,1	 [VERSE 02]
81824	7,5,3,1	6,4,2	 [VERSE 02]
82208	6,4,2	7,5,3,1	 [VERSE 02]
82848	7,5,3,1	6,4,2	 [VERSE 02]
84112	6,4,2	7,5,3,1	 [VERSE 02]
84400	7,5,3,1	6,4,2	 [VERSE 02]
84768	6,4,2	7,5,3,1	 [VERSE 02]
85401	7,5,3,1	6,4,2	 [VERSE 02]
86608	6,4,2	7,5,3,1	 [VERSE 02]
86937	7,5,3,1	6,4,2	 [VERSE 02]
87313	6,4,2	7,5,3,1	 [VERSE 02]
88577	7,5,3,1	6,4,2	 [VERSE 02]
88791	6,4,2	7,5,3,1	 [VERSE 02]
89584	7,5,3,1	6,4,2	 [VERSE 02]
89992	6,4,2	7,5,3,1	 [VERSE 02]
96224	7,5,3,1	6,4,2	 [BRIDGE]
96431	6,4,2	7,5,3,1	 [BRIDGE]
96744	7,5,3,1	6,4,2	 [BRIDGE]
97671	6,4,2	7,5,3,1	 [BRIDGE]
97983	7,5,3,1	6,4,2	 [BRIDGE]
98560	6,4,2	7,5,3,1	 [BRIDGE]
98872	7,5,3,1	6,4,2	 [BRIDGE]
99207	6,4,2	7,5,3,1	 [BRIDGE]
100055	7,5,3,1	6,4,2	 [BRIDGE]
100448	6,4,2	7,5,3,1	 [BRIDGE]
101015	7,5,3,1	6,4,2	 [BRIDGE]
101304	6,4,2	7,5,3,1	 [BRIDGE]
101688	7,5,3,1	6,4,2	 [BRIDGE]
102273	6,4,2	7,5,3,1	 [BRIDGE]
102544	7,5,3,1	6,4,2	 [BRIDGE]
102928	6,4,2	7,5,3,1	 [BRIDGE]
103432	7,5,3,1	6,4,2	 [BRIDGE]
103697	6,4,2	7,5,3,1	 [BRIDGE]
104080	7,5,3,1	6,4,2	 [BRIDGE]
104680	6,4,2	7,5,3,1	 [BRIDGE]
105896	7,5,3,1	6,4,2	 [BRIDGE]
106152	6,4,2	7,5,3,1	 [BRIDGE]
106495	7,5,3,1	6,4,2	 [BRIDGE]
107087	6,4,2	7,5,3,1	 [BRIDGE]
107768	7,5,3,1	6,4,2	 [BRIDGE]
108024	6,4,2	7,5,3,1	 [BRIDGE]
108384	7,5,3,1	6,4,2	 [BRIDGE]
108951	6,4,2	7,5,3,1	 [BRIDGE]
109608	7,5,3,1	6,4,2	 [BRIDGE]
109960	6,4,2	7,5,3,1	 [BRIDGE]
110560	7,5,3,1	6,4,2	 [VERSE 01]
111304	6,4,2	7,5,3,1	 [VERSE 01]
111664	7,5,3,1	6,4,2	 [VERSE 01]
112288	6,4,2	7,5,3,1	 [VERSE 01]
113456	7,5,3,1	6,4,2	 [VERSE 01]
113736	6,4,2	7,5,3,1	 [VERSE 01]
114024	7,5,3,1	6,4,2	 [VERSE 01]
114616	6,4,2	7,5,3,1	 [VERSE 01]
115816	7,5,3,1	6,4,2	 [VERSE 01]
116104	6,4,2	7,5,3,1	 [VERSE 01]
116440	7,5,3,1	6,4,2	 [VERSE 01]
117264	6,4,2	7,5,3,1	 [VERSE 01]
117680	7,5,3,1	6,4,2	 [VERSE 01]
118616	6,4,2	7,5,3,1	 [VERSE 01]
118855	7,5,3,1	6,4,2	 [VERSE 01]
120648	6,4,2	7,5,3,1	 [VERSE 01]
120928	7,5,3,1	6,4,2	 [VERSE 01]
121304	6,4,2	7,5,3,1	 [VERSE 01]
121903	7,5,3,1	6,4,2	 [VERSE 01]
123095	6,4,2	7,5,3,1	 [VERSE 01]
123399	7,5,3,1	6,4,2	 [VERSE 01]
123751	6,4,2	7,5,3,1	 [VERSE 01]
124360	7,5,3,1	6,4,2	 [VERSE 01]
125497	6,4,2	7,5,3,1	 [VERSE 01]
125800	7,5,3,1	6,4,2	 [VERSE 01]
126152	6,4,2	7,5,3,1	 [VERSE 01]
127024	7,5,3,1	6,4,2	 [VERSE 01]
127352	6,4,2	7,5,3,1	 [VERSE 01]
128160	7,5,3,1	6,4,2	 [VERSE 01]
128520	6,4,2	7,5,3,1	 [VERSE 01]
130335	7,5,3,1	6,4,2	 [VERSE 02]
130600	6,4,2	7,5,3,1	 [VERSE 02]
130953	7,5,3,1	6,4,2	 [VERSE 02]
131535	6,4,2	7,5,3,1	 [VERSE 02]
132696	7,5,3,1	6,4,2	 [VERSE 02]
132967	6,4,2	7,5,3,1	 [VERSE 02]
133304	7,5,3,1	6,4,2	 [VERSE 02]
133968	6,4,2	7,5,3,1	 [VERSE 02]
135040	7,5,3,1	6,4,2	 [VERSE 02]
135295	6,4,2	7,5,3,1	 [VERSE 02]
135695	7,5,3,1	6,4,2	 [VERSE 02]
136568	6,4,2	7,5,3,1	 [VERSE 02]
136839	7,5,3,1	6,4,2	 [VERSE 02]
137656	6,4,2	7,5,3,1	 [VERSE 02]
137927	7,5,3,1	6,4,2	 [VERSE 02]
139568	6,4,2	7,5,3,1	 [VERSE 02]
139840	7,5,3,1	6,4,2	 [VERSE 02]
140128	6,4,2	7,5,3,1	 [VERSE 02]
140408	7,5,3,1	6,4,2	 [VERSE 02]
141048	6,4,2	7,5,3,1	 [VERSE 02]
141928	7,5,3,1	6,4,2	 [VERSE 02]
142224	6,4,2	7,5,3,1	 [VERSE 02]
142487	7,5,3,1	6,4,2	 [VERSE 02]
142832	6,4,2	7,5,3,1	 [VERSE 02]
143424	7,5,3,1	6,4,2	 [VERSE 02]
144319	6,4,2	7,5,3,1	 [VERSE 02]
144624	7,5,3,1	6,4,2	 [VERSE 02]
144831	6,4,2	7,5,3,1	 [VERSE 02]
145128	7,5,3,1	6,4,2	 [VERSE 02]
146024	6,4,2	7,5,3,1	 [VERSE 02]
146344	7,5,3,1	6,4,2	 [VERSE 02]
147224	6,4,2	7,5,3,1	 [VERSE 02]
147567	7,5,3,1	6,4,2	 [VERSE 02]
149272	6,4,2	7,5,3,1	 [BRIDGE]
149552	7,5,3,1	6,4,2	 [BRIDGE]
149871	6,4,2	7,5,3,1	 [BRIDGE]
150432	7,5,3,1	6,4,2	 [BRIDGE]
151536	6,4,2	7,5,3,1	 [BRIDGE]
151792	7,5,3,1	6,4,2	 [BRIDGE]
152159	6,4,2	7,5,3,1	 [BRIDGE]
152752	7,5,3,1	6,4,2	 [BRIDGE]
153848	6,4,2	7,5,3,1	 [BRIDGE]
154112	7,5,3,1	6,4,2	 [BRIDGE]
154504	6,4,2	7,5,3,1	 [BRIDGE]
155343	7,5,3,1	6,4,2	 [BRIDGE]
155672	6,4,2	7,5,3,1	 [BRIDGE]
156520	7,5,3,1	6,4,2	 [BRIDGE]
156856	6,4,2	7,5,3,1	 [BRIDGE]
158344	7,5,3,1	6,4,2	 [BRIDGE]
158568	6,4,2	7,5,3,1	 [BRIDGE]
158857	7,5,3,1	6,4,2	 [BRIDGE]
159151	6,4,2	7,5,3,1	 [BRIDGE]
159688	7,5,3,1	6,4,2	 [BRIDGE]
160823	6,4,2	7,5,3,1	 [BRIDGE]
161095	7,5,3,1	6,4,2	 [BRIDGE]
161463	6,4,2	7,5,3,1	 [BRIDGE]
162096	7,5,3,1	6,4,2	 [BRIDGE]
163127	6,4,2	7,5,3,1	 [BRIDGE]
163447	7,5,3,1	6,4,2	 [BRIDGE]
163823	6,4,2	7,5,3,1	 [BRIDGE]
164736	7,5,3,1	6,4,2	 [BRIDGE]
165055	6,4,2	7,5,3,1	 [BRIDGE]
165880	7,5,3,1	6,4,2	 [BRIDGE]
166263	6,4,2	7,5,3,1	 [BRIDGE]
168240	7,5,3,1	6,4,2	 [VERSE 02]
168560	6,4,2	7,5,3,1	 [VERSE 02]
168944	7,5,3,1	6,4,2	 [VERSE 02]
169591	6,4,2	7,5,3,1	 [VERSE 02]
170656	7,5,3,1	6,4,2	 [VERSE 02]
170936	6,4,2	7,5,3,1	 [VERSE 02]
171288	7,5,3,1	6,4,2	 [VERSE 02]
171840	6,4,2	7,5,3,1	 [VERSE 02]
172952	7,5,3,1	6,4,2	 [VERSE 02]
173255	6,4,2	7,5,3,1	 [VERSE 02]
173592	7,5,3,1	6,4,2	 [VERSE 02]
174512	6,4,2	7,5,3,1	 [VERSE 02]
174824	7,5,3,1	6,4,2	 [VERSE 02]
175736	6,4,2	7,5,3,1	 [VERSE 02]
176080	7,5,3,1	6,4,2	 [VERSE 02]
177632	6,4,2	7,5,3,1	 [VERSE 02]
177847	7,5,3,1	6,4,2	 [VERSE 02]
178024	6,4,2	7,5,3,1	 [VERSE 02]
178255	7,5,3,1	6,4,2	 [VERSE 02]
178944	6,4,2	7,5,3,1	 [VERSE 02]
180168	7,5,3,1	6,4,2	 [VERSE 02]
180447	6,4,2	7,5,3,1	 [VERSE 02]
180775	7,5,3,1	6,4,2	 [VERSE 02]
181400	6,4,2	7,5,3,1	 [VERSE 02]
182520	7,5,3,1	6,4,2	 [VERSE 02]
182888	6,4,2	7,5,3,1	 [VERSE 02]
183248	7,5,3,1	6,4,2	 [VERSE 02]
184207	6,4,2	7,5,3,1	 [VERSE 02]
184528	7,5,3,1	6,4,2	 [VERSE 02]
185376	6,4,2	7,5,3,1	 [VERSE 02]
185728	7,5,3,1	6,4,2	 [VERSE 02]
186743	6,4,2	7,5,3,1	 [VERSE 01]
187208	7,5,3,1	6,4,2	 [VERSE 01]
187488	6,4,2	7,5,3,1	 [VERSE 01]
187711	7,5,3,1	6,4,2	 [VERSE 01]
188048	6,4,2	7,5,3,1	 [VERSE 01]
188391	7,5,3,1	6,4,2	 [VERSE 01]
188664	6,4,2	7,5,3,1	 [VERSE 01]
189000	7,5,3,1	6,4,2	 [VERSE 01]
189255	6,4,2	7,5,3,1	 [VERSE 01]
189567	7,5,3,1	6,4,2	 [VERSE 01]
189895	6,4,2	7,5,3,1	 [VERSE 02]
190209	7,5,3,1	6,4,2	 [VERSE 02]
190544	6,4,2	7,5,3,1	 [VERSE 02]
192175	7,5,3,1	6,4,2	 [VERSE 02]
192480	6,4,2	7,5,3,1	 [VERSE 02]
192911	7,5,3,1	6,4,2	 [VERSE 02]
194648	6,4,2	7,5,3,1	 [VERSE 02]
195288	7,5,3,1	6,4,2	 [VERSE 02]
195912	6,4,2	7,5,3,1	 [VERSE 01]
196216	7,5,3,1	6,4,2	 [VERSE 01]
196545	6,4,2	7,5,3,1	 [VERSE 01]
197169	7,5,3,1	6,4,2	 [VERSE 01]
198359	6,4,2	7,5,3,1	 [VERSE 01]
198728	7,5,3,1	6,4,2	 [VERSE 01]
199112	6,4,2	7,5,3,1	 [VERSE 01]
199744	7,5,3,1	6,4,2	 [VERSE 01]
201055	6,4,2	7,5,3,1	 [VERSE 01]
201367	7,5,3,1	6,4,2	 [VERSE 01]
201759	6,4,2	7,5,3,1	 [VERSE 01]
202463	7,5,3,1	6,4,2	 [VERSE 01]
203568	6,4,2	7,5,3,1	 [VERSE 01]
207111	1,2,3,4,5,6,7,8		 [BRIDGE]
209640	1,2,3,4,5,6,7,8		[END]
